1463774767 1463775367 3 1023833649_951b62e21a99e3cfd609b9f29b3fdb5f
1463775067 1463775667 2 1023833650_9972b58d91393a885f78213c42544e36
1463775367 1463775967 2 1023833651_3fdfc8479a1237b048afa98373920c32
1463775667 1463776267 2 1023833652_9722f74d1aa70e0d9e986f464120e0d8
1463775967 1463776567 2 1023833653_2a95f90a7a52d0ea872238108bd9ce2a
1463776267 1463776867 3 1023833654_5d730cdb8ccb4c517a2153ea21cea5bd
1463776567 1463777167 3 1023833655_e947f307ebda3103abe012e3612074a7
1463776867 1463777467 2 1023833656_cd124992783d2163ca85d5d0dc5ced72
1463777167 1463777767 2 1023833657_de61c564769af9e6afdd9d53580373eb
1463777467 1463778067 3 1023833658_fdaa008f64d5ce1ef3d77b33b107936f
1463777767 1463778367 2 1023833659_9c45ab5d540d62b1398c272d23bffd3d
1463778067 1463778667 3 1023833660_a8e3b7d2a88fc05028f033593cc0aff0
1463778367 1463778967 3 1023833661_c3d8f5575aacdb00b96f82fddc409bce
1463778667 1463779267 3 1023833662_a34005d7380fa1d51eea497e23b4b5ae
1463778967 1463779567 2 1023833663_646cd31f42af74a01f98eab7b362b702
1463779267 1463779867 2 1023833664_9ddf908fc443d3b81d5e4a19a720211d
1463779567 1463780167 3 1023833665_40a4d8029c0970b3f22b4f6184949b4e
1463779867 1463780467 3 1023833666_072ba3de2e774fedddc07f317204282c
1463780167 1463780767 3 1023833667_c710fc8603ce2c3758ec69f96626bfa7
1463780467 1463781067 3 1023833668_94c21d3a1eb4675dccaf42d4d23c90de
1463780767 1463781367 3 1023833669_674c6675217249a524aa51ce4c6b4998
1463781067 1463781667 3 1023833670_1335a18f7a9ef07706f31e7cd84d4c34
1463781367 1463781967 3 1023833671_30ce0225d59590afa04f23aea9b7db62
1463781667 1463782267 3 1023833672_2b8900f489debf7387c008b655d7d915
1463781967 1463782567 3 1023833673_86da8ec3eb56d90e5c9aed4d156609de
1463782267 1463782867 2 1023833674_15f2100f6dfe286b3bfe512735f3f846
1463782567 1463783167 3 1023833675_bf20feb2ec2dc5c2e030ebdcb6d88656
1463782867 1463783467 2 1023833676_feb6803bacd507d9f931a53baacd2aab
1463783167 1463783767 3 1023833677_95abbabe569026a4731e270c7c977eea
1463783467 1463784067 3 1023833678_4cd87ab1400d0d4b12bab7a06f697d6d
